740000
740001
740002
740003
740004
740005
740006
740007
740008
740009
740010
740011
740012
740013
740014
740015
740016
740017
740018
740019
740020
740021
740022
740023
740024
740025
740026
740027
740028
740029
740030
740031
740032
740033
740034
740035
740036
740037
740038
740039
740040
740041
740042
740043
740044
740045
740046
740047
740048
740049
740050
740051
740052
740053
740054
740055
740056
740057
740058
740059
740060
740061
740062
740063
740064
740065
740066
740067
740068
740069
740070
740071
740072
740073
740074
740075
740076
740077
740078
740079
740080
740081
740082
740083
740084
740085
740086
740087
740088
740089
740090
740091
740092
740093
740094
740095
740096
740097
740098
740099
740100
740101
740102
740103
740104
740105
740106
740107
740108
740109
740110
740111
740112
740113
740114
740115
740116
740117
740118
740119
740120
740121
740122
740123
740124
740125
740126
740127
740128
740129
740130
740131
740132
740133
740134
740135
740136
740137
740138
740139
740148
740149
740150
740151
740152
740153
740154
740155
740156
740157
740158
740159
740160
740161
740162
740163
740164
740165
740166
740167
740168
740169
740170
740171
740172
740173
740174
740175
740176
740177
740178
740179
740180
740181
740182
740183
740184
740185
740186
740187
740188
740189
740190
740191
740192
740193
740194
740195
740196
740197
740198
740199
740200
740201
740202
740203
740204
740205
740206
740207
740208
740209
740210
740211
740212
740213
740214
740215
740216
740217
740218
740219
740220
740221
740222
740223
740224
740225
740226
740227
740228
740229
740230
740231
740232
740233
740234
740235
740236
740237
740238
740239
740240
740241
740242
740243
740244
740245
740246
740247
740248
740249
740250
740251
740252
740253
740254
740255
740256
740257
740258
740259
740260
740261
740262
740263
740264
740265
740266
740267
740268
740269
740270
740271
740272
740273
740274
740275
740276
740277
740278
740279
740280
740281
740282
740283
740284
740285
740286
740287
740288
740289
740290
740291
740292
740293
740294
740295
740296
740297
740298
740299
740300
740301
740302
740303
740304
740305
740306
740307
740308
740309
740310
740311
740312
740313
740314
740315
740316
740317
740318
740319
740320
740321
740322
740323
740324
740325
740326
740327
740328
740329
740330
740331
740332
740333
740334
740335
740336
740337
740338
740339
740340
740341
740342
740343
740344
740345
740346
740347
740348
740349
740350
740351
740352
740353
740354
740355
740356
740357
740358
740359
740360
740361
740362
740363
740364
740365
740366
740367
740368
740369
740370
740371
740372
740373
740374
740375
740376
740377
740378
740379
740380
740381
740382
740383
740384
740385
740386
740387
740388
740389
740390
740391
740392
740393
740394
740395
740396
740397
740398
740399
740400
740401
740402
740403
740404
740405
740406
740407
740408
740409
740410
740411
740412
740413
740414
740415
740416
740417
740418
740419
740420
740421
740422
740423
740424
740425
740426
740427
740428
740429
740430
740431
740432
740433
740434
740435
740436
740437
740438
740439
740440
740441
740442
740443
740444
740445
740446
740447
740448
740449
740450
740451
740452
740453
740454
740455
740456
740457
740458
740459
740460
740461
740462
740463
740464
740465
740466
740467
740468
740469
740470
740471
740472
740473
740474
740475
740476
740477
740478
740479
740480
740481
740482
740483
740484
740485
740486
740487
740488
740489
740490
740491
740492
740493
740494
740495
740496
740497
740498
740499
740500
740501
740502
740503
740504
740505
740506
740507
740508
740509
740510
740511
740512
740513
740514
740515
740516
740517
740518
740519
740520
740521
740522
740523
740524
740525
740526
740527
740528
740529
740530
740531
740532
740533
740534
740535
740536
740537
740538
740539
740540
740541
740542
740543
740544
740545
740546
740547
740548
740549
740550
740551
740552
740553
740554
740555
740556
740557
740558
740559
740560
740561
740562
740563
740564
740565
740566
740567
740568
740569
740570
740571
740572
740573
740574
740575
740576
740577
740578
740579
740580
740581
740582
740583
740584
740585
740586
740587
740588
740589
740590
740591
740592
740593
740594
740595
740596
740597
740598
740599
740600
740601
740602
740603
740604
740605
740606
740607
740608
740609
740610
740611
740612
740613
740614
740615
740616
740617
740618
740619
740620
740621
740622
740623
740624
740625
740626
740627
740628
740629
740630
740631
740632
740633
740634
740635
740636
740637
740638
740639
740640
740641
740642
740643
740644
740645
740646
740647
740648
740649
740650
740651
740652
740653
740654
740655
740656
740657
740658
740659
740660
740661
740662
740663
740664
740665
740666
740667
740668
740669
740670
740671
740672
740673
740674
740675
740676
740677
740678
740679
740680
740681
740682
740683
740684
740685
740686
740687
740688
740689
740690
740691
740692
740693
740694
740695
740696
740697
740698
740699
740700
740701
740702
740703
740704
740705
740706
740707
740708
740709
740710
740711
740712
740713
740714
740715
740716
740717
740718
740719
740720
740721
740722
740723
740724
740725
740726
740727
740728
740729
740730
740731
740732
740733
740734
740735
740736
740737
740738
740739
740740
740741
740742
740743
740744
740745
740746
740747
740748
740749
740750
740751
740752
740753
740754
740755
740756
740757
740758
740759
740760
740761
740762
740763
740764
740765
740766
740767
740768
740769
740770
740771
740772
740773
740774
740775
740776
740777
740778
740779
740780
740781
740782
740783
740784
740785
740786
740787
740788
740789
740790
740791
740792
740793
740794
740795
740796
740797
740798
740799
740800
740801
740802
740803
740804
740805
740806
740807
740808
740809
740810
740811
740812
740813
740814
740815
740816
740817
740818
740819
740820
740821
740822
740823
740824
740825
740826
740827
740828
740829
740830
740831
740832
740833
740834
740835
740836
740837
740838
740839
740840
740841
740842
740843
740844
740845
740846
740847
740848
740849
740850
740851
740852
740853
740854
740855
740856
740857
740858
740859
740860
740861
740862
740863
740864
740865
740866
740867
740868
740869
740870
740871
740872
740873
740874
740875
740876
740877
740878
740879
740880
740881
740882
740883
740884
740885
740886
740887
740888
740889
740890
740891
740892
740893
740894
740895
740896
740897
740898
740899
740900
740901
740902
740903
740904
740905
740906
740907
740908
740909
740910
740911
740912
740913
740914
740915
740916
740917
740918
740919
740920
740921
740922
740923
740924
740925
740926
740927
740928
740929
740930
740931
740932
740933
740934
740935
740936
740937
740938
740939
740940
740941
740942
740943
740944
740945
740946
740947
740948
740949
740950
740951
740952
740953
740954
740955
740956
740957
740958
740959
740960
740961
740962
740963
740964
740965
740966
740967
740968
740969
740970
740971
740972
740973
740974
740975
740976
740977
740978
740979
740980
740981
740982
740983
740984
740985
740986
740987
740988
740989
740990
740991
740992
740993
740994
740995
740996
740997
740998
740999
741000
741001
741002
741003
741004
741005
741006
741007
741008
741009
741010
741011
741012
741013
741014
741015
741016
741017
741018
741019
741020
741021
741022
741023
741024
741025
741026
741027
741028
741029
741030
741031
741032
741033
741034
741035
741036
741037
741038
741039
741040
741041
741042
741043
741044
741045
741046
741047
741048
741049
741050
741051
741052
741053
741054
741055
741056
741057
741058
741059
741060
741061
741062
741063
741064
741065
741066
741067
741068
741069
741070
741071
741072
741073
741074
741075
741076
741077
741078
741079
741080
741081
741082
741083
741084
741085
741086
741087
741088
741089
741090
741091
741092
741093
741094
741095
741096
741097
741098
741099
741100
741101
741102
741103
741104
741105
741106
741107
753242
753256
753257
753258
753259
753260
753261
753262
753263
753264
753265
753266
753267
753268
753269
753270
753271
753272
753273
753274
753275
753276
741108
741109
741110
741111
741112
741113
741114
741115
741116
741117
741118
741119
741120
741121
741122
741123
741124
741125
741126
741127
741128
741129
741367
741368
741369
741370
741371
741372
741373
741374
741375
741376
741377
741378
741379
741380
741381
741382
741383
741384
741385
741386
741387
741388
741389
741390
741391
741392
741393
741394
741395
741396
741397
741398
741399
741400
741401
741402
741403
741404
741405
741406
741407
741408
741409
741410
741411
741412
741413
741414
741415
741416
741417
741418
741466
741467
741468
741469
741470
741471
741472
741473
741474
741475
741476
741477
741478
741479
741480
741481
741482
741483
741484
741485
742095
742096
742097
742098
742099
742100
742101
742102
742103
742104
742105
742106
742107
742108
742109
742110
742111
742163
742164
742165
742166
742167
742168
742169
742170
742171
742172
742173
742174
742175
742176
742177
742178
742179
742180
742181
742182
742183
742184
742185
742186
742187
742188
742189
742190
742191
742192
742193
742194
742195
742196
742197
742198
742199
742200
742201
742202
742203
742204
742205
742206
742207
742208
742209
742210
742211
742212
742213
742214
742215
742216
742217
742218
742219
742220
742221
742222
742223
742224
742225
742226
742227
742228
742229
742230
742231
742232
742233
742234
742235
742236
742237
742238
742239
742240
742241
742242
742243
742244
742245
742246
742247
742248
742249
742250
742251
742252
742253
742254
742255
742256
742257
742258
742259
742260
742261
742262
742263
742264
742265
742266
742267
742268
742269
742270
742271
742272
742273
742274
742275
742276
742277
742278
742279
742280
742281
742282
742283
742284
742285
742286
742392
742393
742394
742395
742396
742397
742398
742399
742400
742401
742402
742403
742429
742506
742507
742508
742509
742510
742511
742512
742513
742514
742515
742516
742517
742518
742519
742520
742521
742522
742523
742538
742539
742540
742541
742542
742543
742544
742545
742546
742547
742548
742549
742550
742551
742552
742553
742554
742555
742556
742557
742558
742559
742560
742561
742562
743023
743024
743025
743026
743027
743028
743029
743030
743031
743032
743033
743034
743035
743036
743312
743313
743314
743315
743316
743317
743318
743319
743320
743321
743322
743323
743324
743325
743326
743327
743328
743329
743330
743331
743332
743333
743334
743335
743336
743337
743338
743339
743340
743341
743342
743343
743344
743345
743346
743347
743348
743349
743350
743351
743352
743353
743354
743355
743356
743357
743358
743359
743360
743361
743362
743363
743364
743365
743366
743367
743368
743369
743370
743371
743372
743373
743374
743375
743376
743377
743378
743379
743380
743381
743382
743383
743384
743385
743386
743387
743388
743389
743390
743391
743392
743393
743394
743395
743396
743397
743398
743399
743400
743401
743402
743403
743404
743405
743406
743407
743408
743409
743410
743411
743412
743413
743414
743415
743416
743417
743418
743419
743420
743421
743422
743423
743424
743425
743426
743427
743428
743429
743430
743431
743432
743433
743434
743435
743436
743437
743438
743439
743440
743441
743442
743443
743444
743445
743446
743447
743448
743449
743450
743451
743452
743453
743454
743455
743456
743457
743458
743459
743460
743461
743462
743463
743464
743465
743466
743467
743932
743933
743934
743935
743936
743937
743994
744291
744292
744293
744294
744295
744296
744297
744298
744299
744300
744312
744313
744314
744315
744316
744317
744318
744319
744320
744321
744322
744802
744831
744848
744849
744850
744851
744852
744853
744854
744855
744858
744859
744860
744861
744862
744863
744864
744865
744866
744867
745445
745561
745616
745617
745618
745619
745620
745621
745622
745623
745624
745625
745626
745627
745628
745685
745686
745687
745688
745693
745694
745695
745696
745697
745698
745699
745700
745701
745702
745703
745704
745705
745706
745707
745708
745709
745710
745711
745712
745713
745714
745715
745716
745717
745718
745719
745720
745721
745722
745723
745724
745725
745726
745727
745728
745729
745730
745731
745732
745733
745734
745735
745736
745737
745738
745739
745740
745741
745742
745743
745744
745745
745746
745747
745748
745749
745750
745751
745752
745753
745754
745755
745756
745757
745758
745759
745760
745761
745762
745763
745764
745765
745766
745767
745768
745769
745770
745771
745772
745773
745774
745775
745776
745777
745778
745779
745780
745781
745782
745783
745784
745785
745786
745787
745788
745789
745790
745791
745792
745793
745794
745795
745796
745797
745798
745799
745800
745801
745802
745803
745804
745805
745806
745807
745808
745809
745968
745969
745970
745971
745972
745973
745974
745975
745976
745977
745978
745979
745980
745981
745982
745983
745984
745985
745986
745987
745988
745989
745990
745991
745992
745993
745994
745995
745996
745997
745998
745999
746000
746001
746002
746003
746004
746005
746006
746007
746008
746009
746010
746011
746012
746013
746014
746015
746016
746017
746018
746019
746020
746021
746022
746023
746024
746025
746026
746027
746028
746029
746030
746031
746032
746033
746034
746035
746036
746037
746038
746039
746040
746041
746042
746043
746044
746045
746046
746047
746048
746049
746050
746051
746052
746053
746054
746055
746056
746057
746058
746059
746060
746061
746062
746063
746064
746065
746066
746067
746068
746069
746070
746071
746072
746073
746074
746075
746076
746077
746078
746079
746080
746081
746082
746083
746084
746085
746086
746087
746088
746089
746090
746091
746092
746093
746094
746095
746096
746097
746098
746099
746100
746101
746102
746103
746104
746105
746106
746107
746108
746109
746110
746111
746112
746113
746114
746115
746116
746151
746152
746153
746154
746155
746156
746157
746158
746159
746160
746161
746162
746163
746164
746165
746166
746167
746168
746169
746170
746171
746172
746173
746174
746175
746176
746177
746178
746179
746180
746181
746182
746183
746184
746185
746186
746187
746188
746189
746190
746191
746192
746193
746194
746195
746196
746197
746198
746199
746200
746201
746202
746203
746204
746205
746206
746207
746208
746209
746210
746211
746212
746213
746214
746215
746216
746217
746218
746219
746220
746221
746222
746223
746224
746225
746226
746227
746228
746229
746230
746231
746232
746233
746234
746235
746236
746237
746238
746239
746240
746241
746242
746243
746244
746245
746246
746247
746248
746249
746250
746251
746252
746253
746254
746255
746256
746257
746258
746259
746260
746261
746262
746263
746264
746265
746266
746267
746268
746269
746270
746271
746272
746273
746274
746275
746276
746277
746278
746279
746280
746281
746282
746283
746284
746285
746286
746287
746288
746289
746290
746291
746292
746293
746294
746295
746296
746297
746298
746299
746300
746301
746302
746303
746304
746305
746306
746307
746308
746309
746310
746311
746312
746313
746314
746315
746316
746317
746318
746319
746320
746321
746322
746323
746324
746325
746326
746327
746328
746329
746330
746331
746332
746333
746334
746335
746336
746337
746338
746339
746340
746341
746343
746344
746345
746346
746347
746348
746349
746350
746351
746352
746353
746354
746355
746356
746357
746358
746359
746360
746361
746362
746363
746364
746365
746366
746367
746368
746369
746370
746371
746372
746373
746374
746375
746376
746377
746378
746379
746380
746381
746382
746383
746384
746385
746386
746419
746420
746421
746422
746423
746424
746425
746426
746427
746428
746429
746430
746431
746432
746433
746434
746435
746436
746437
746438
746439
746440
746441
746442
746443
746444
746445
746446
746447
746448
746449
746450
746451
746452
746453
746454
746455
746456
746457
746458
746459
746460
746461
746479
746480
746481
746482
746483
746484
746485
746486
746487
746488
746489
746490
746491
746492
746493
746494
746495
746496
746497
746498
746499
746500
746501
746502
746503
746504
746505
746506
746507
746508
746509
746510
746511
746512
746513
746514
746515
746516
746517
746518
746519
746520
746521
746522
746523
746524
746525
746526
746527
746528
746529
750536
750541
750542
750543
750544
750545
750546
750547
750548
750549
750550
750551
750552
750553
750554
750555
750556
750557
750558
750559
750560
750877
750878
750879
750880
750883
750884
750885
750886
750887
750888
750889
750890
750891
750892
750893
750894
750895
750896
750897
750898
750899
750900
750901
750902
750903
750904
750905
750906
750907
750908
750909
750910
750911
750912
750913
750914
750915
750916
750917
750918
750919
750920
750921
750922
750923
750924
750925
750926
750927
750928
750929
750930
750931
750932
750933
750934
750935
750936
750937
750938
750939
750940
750941
750942
750943
750944
750945
750946
750947
750948
750949
750950
750951
750952
750953
750954
750955
750956
750957
750958
750959
750960
750961
750962
750963
750964
750965
750966
750967
750968
750969
750970
750971
750972
750973
750974
750975
750976
750977
750978
750979
750980
750981
750982
750983
750984
750985
750986
750987
750988
750989
750990
750991
750992
750993
750994
750995
750996
750997
750998
750999
751000
751001
751002
751003
751004
751005
751006
751007
751008
751009
751010
751011
751012
751013
751014
751015
751016
751017
751018
751019
751020
751021
751022
751023
751024
751025
751026
751027
751028
751029
751030
751031
751032
751033
751034
751035
751036
751037
751038
751039
751040
751041
751042
751043
751044
751045
751046
751047
751048
751049
751050
751051
751052
751053
751054
751055
751056
751057
751058
751059
751060
751061
751062
751063
751064
751065
751066
751067
751068
751069
751070
751071
751072
751073
751074
751075
751076
751077
751078
751079
751080
751081
751233
751234
751235
751236
751237
751238
751239
751240
751241
751242
751243
751244
751245
751246
751247
751248
751249
751250
751251
751252
751253
751254
751255
751256
751257
751258
751259
751260
751261
751262
751263
751289
751290
751291
751292
751293
751294
751295
751296
751297
751298
751299
751300
751301
751302
751303
751304
751305
751306
751307
751308
751309
751310
751311
751632
752310
752311
752312
752313
752319
752320
752382
752383
752384
752385
752386
752387
752388
752389
752390
752391
752392
752393
752394
752395
752396
752397
752398
752399
752400
752401
752402
752403
752404
752405
752406
752407
752408
752409
752410
752411
752412
752413
752414
752415
752416
752417
752418
752419
752420
752421
752422
752423
752424
752425
752426
752427
752428
752429
752430
752431
752432
752433
752434
752435
752436
752437
752438
752439
752440
752441
752442
752443
752444
752445
752446
752447
752448
752449
752450
752451
752452
752453
752454
752455
752456
752457
752458
752459
752460
752461
752694
752785
752786
752787
752788
752789
752790
752791
752859
753010
753307
753308
753309
753310
753311
753312
753313
753314
753315
753316
753317
753318
754090
754091
754092
754093
754094
754095
754096
754097
754098
754099
754100
754101
754102
754103
754104
754105
754106
754107
754108
754109
754110
754111
754112
754113
754114
754115
754116
754117
754118
754119
754120
754121
754122
754123
754124
754125
754126
754127
754128
754129
754130
754131
754132
754133
754134
754135
754136
754137
754138
754139
754140
754141
754142
754143
754144
754145
754146
754147
754148
754149
754150
754151
754152
754153
754154
754155
754156
754157
754158
754159
754160
754161
754162
754163
754164
754165
754166
754167
754168
754169
754170
754171
754172
754173
754288
754289
754290
754291
754292
754293
754294
754295
754296
754297
754298
754299
754300
754301
754302
754303
754304
754305
754306
754307
754308
754309
754310
754311
754312
754313
754314
754315
754316
754317
754318
754319
754320
754321
754322
754323
754324
754325
754326
754327
754328
754329
754330
754331
754332
754333
754334
754335
754336
754337
754338
754339
754340
754341
754342
754343
754344
754345
754346
754347
754348
754349
754350
754351
754352
754353
754354
754355
754356
754357
754358
754359
754360
754361
754362
754363
754364
754365
754366
754367
754368
754369
754370
754371
754372
754378
754379
754380
754381
754382
754383
754384
754385
754386
754387
754388
754389
754390
754391
754392
754393
754394
754395
754396
754397
754398
